98
60
74
67
27
64
18
41
88
5
66
42
67
50
8
95
13
97
63
28
54
57
54
66
64
70
14
76
47
99
57
97
11
32
17
91
48
35
84
89
92
50
31
59
0
39
55
13
37
70
42
43
27
48
61
44
18
75
20
65
26
78
15
89
62
32
80
10
67
64
51
12
66
83
71
67
74
78
32
11
49
26
6
28
75
67
72
93
42
93
11
20
71
26
62
33
58
42
95
77
59
47
89
25
82
13
44
56
91
77
20
92
3
78
21
30
46
93
24
40
38
87
61
9
13
75
94
23
69
42
0
28
41
42
6
75
55
50
31
98
79
3
43
35
82
64
65
28
9
41
20
48
28
33
57
41
8
4
64
78
98
17
58
39
59
64
14
66
67
97
16
46
53
59
33
35
23
99
15
33
40
87
81
69
21
90
62
29
46
27
59
44
44
18
35
55
82
1
21
1
99
37
48
4
49
81
39
72
32
6
57
73
93
90
94
14
33
56
96
79
83
55
76
79
25
11
86
8
13
7
9
64
97
9
68
46
43
59
70
75
17
28
0
10
70
94
77
3
3
25
83
38
80
11
70
58
22
56
66
87
16
27
3
13
89
23
11
84
82
81
59
99
61
12
62
32
58
91
87
61
16
22
52
48
33
22
6
8
78
24
47
94
4
3
59
93
26
70
77
61
4
88
12
17
52
74
1
11
17
89
24
33
11
76
34
97
98
40
5
77
65
4
23
21
7
83
14
34
53
43
95
9
31
7
27
84
34
28
47
51
17
71
37
81
0
71
78
98
63
35
27
80
39
51
1
47
34
67
81
39
10
28
49
94
35
28
30
21
56
77
25
26
0
62
59
0
85
37
51
0
72
78
81
11
29
34
58
15
2
91
7
64
19
8
58
55
36
40
28
44
17
53
22
70
67
81
70
4
18
21
5
90
52
38
54
33
72
64
49
74
56
56
39
75
16
49
82
52
90
11
96
59
16
19
81
36
52
4
40
71
77
97
13
29
35
67
63
60
32
64
86
88
72
77
15
88
27
98
92
69
61
40
80
77
11
62
13
64
66
6
35
43
55
48
73
43
68
88
3
52
52
89
92
76
67
7
64
46
57
56
15
18
96
95
48
8
57
61
72
75
19
59
19
75
7
44
18
27
84
73
79
88
62
23
64
29
31
28
75
40
36
42
59
32
38
7
92
47
20
64
75
92
75
46
67
35
42
37
62
26
62
94
14
24
17
78
6
0
58
33
41
94
76
52
78
66
59
71
65
31
87
40
23
63
86
42
50
28
31
12
6
93
58
72
18
76
2
76
28
60
9
21
6
85
73
37
3
84
60
69
16
99
61
39
62
48
82
64
28
13
77
87
59
35
59
77
63
62
53
92
74
62
13
33
0
39
70
3
23
30
24
39
29
86
31
44
86
13
8
66
78
37
53
37
73
65
66
88
27
71
80
53
34
46
86
86
37
56
41
60
38
66
0
68
4
83
64
90
96
72
56
26
10
62
16
35
27
82
23
6
54
56
59
40
54
98
26
91
54
19
51
45
37
3
13
41
86
77
83
34
1
92
13
63
54
29
98
33
11
74
39
65
30
50
57
36
48
35
27
55
55
30
0
92
86
13
86
24
42
69
11
95
61
24
59
15
53
9
0
64
83
39
82
65
90
39
1
90
75
80
45
30
63
45
74
1
58
60
25
52
30
36
48
91
60
59
59
65
68
11
30
4
51
12
69
93
3
23
83
78
55
29
60
70
26
35
71
85
47
97
89
77
85
89
21
98
48
32
63
17
43
45
73
46
9
94
39
13
17
75
43
25
56
4
95
82
91
19
19
38
68
9
16
53
50
89
3
99
21
19
68
16
64
41
63
74
35
2
39
5
29
82
82
85
38
29
68
29
48
39
20
16
0
88
70
51
77
25
2
50
44
70
66
9
63
29
35
50
84
74
7
13
8
89
99
47
19
19
28
67
10
48
84
11
36
6
14
65
31
16
15
76
38
82
37
1
63
72
3
47
98
11
61
6
0
12
53
19
83
34
39
93
82
23
4
19
81
70
36
12
86
52
88
24
86
77
77
49
49
81
97
47
92
58
6
44
70
59
16
53
45
55
98
28
30
55
99
11
25
35
23
12
87
64
88
73
41
66
23
43
47
72
90
91
30
96
35
52
8
51
57
53
6
7
33
36
62
32
99
88
20
23
0
59
39
88
33
80
6
8
23
5
80
66
96
62
14
84
66
74
87
75
80
94
82
13
82
45
98
82
